# This file may be used to create an environment using:
# $ conda create --name <env> --file <this file>
# platform: osx-64
_tflow_select=2.3.0=mkl
absl-py=0.9.0=py36_0
art=4.5=py_0
astor=0.8.0=py36_0
blas=2.11=openblas
bzip2=1.0.8=h1de35cc_0
c-ares=1.15.0=h1de35cc_1001
ca-certificates=2020.1.1=0
cairo=1.16.0=h0ab9d94_1001
certifi=2019.11.28=py36_0
coverage=5.0=py36h1de35cc_0
cycler=0.10.0=py36hfc81398_0
ffmpeg=4.1.3=h5c2b479_0
fontconfig=2.13.1=h1027ab8_1000
freetype=2.9.1=hb4e5f40_0
gast=0.3.3=py_0
gettext=0.19.8.1=h15daf44_3
giflib=5.1.4=h1de35cc_1
glib=2.63.1=hd977a24_0
gmp=6.1.2=hb37e062_1
gnutls=3.6.5=h53004b3_1002
graphite2=1.3.13=h2098e52_0
grpcio=1.16.1=py36h044775b_1
h5py=2.10.0=nompi_py36h106b333_102
harfbuzz=2.4.0=h92b87b8_1
hdf5=1.10.5=nompi_h0cbb7df_1103
icu=58.2=h4b95b61_1
imageai=2.1.5=py_0
jasper=1.900.1=h1f36771_4
jpeg=9c=h1de35cc_1001
keras=2.3.1=0
keras-applications=1.0.8=py_0
keras-base=2.3.1=py36_0
keras-preprocessing=1.1.0=py_1
kiwisolver=1.1.0=py36h0a44026_0
lame=3.100=h1de35cc_0
libblas=3.8.0=11_openblas
libcblas=3.8.0=11_openblas
libcxx=9.0.1=1
libedit=3.1.20181209=hb402a30_0
libffi=3.2.1=h475c297_4
libgfortran=3.0.1=h93005f0_2
libiconv=1.15=hdd342a3_7
liblapack=3.8.0=11_openblas
liblapacke=3.8.0=11_openblas
libopenblas=0.3.6=hdc02c5d_2
libopencv=4.2.0=py36_2
libpng=1.6.37=ha441bb4_0
libprotobuf=3.11.4=hd9629dc_0
libtiff=4.1.0=hcb84e12_0
libwebp=1.0.2=h801f6e5_1
libxml2=2.9.9=hf6e021a_1
markdown=3.1.1=py36_0
matplotlib=3.1.3=py36_0
matplotlib-base=3.1.3=py36h9aa3819_0
mock=4.0.1=py_0
ncurses=6.2=h0a44026_0
nettle=3.4.1=h3efe00b_1002
numpy=1.18.1=py36h0c13f30_0
numpy-base=1.18.1=py36ha711998_1
olefile=0.46=py36_0
opencv=4.2.0=py36_2
openh264=1.8.0=hd9629dc_0
openssl=1.1.1e=h1de35cc_0
pcre=8.43=h0a44026_0
pillow=7.0.0=py36h4655f20_0
pip=20.0.2=py36_1
pixman=0.38.0=h1de35cc_0
protobuf=3.11.4=py36h0a44026_0
py-opencv=4.2.0=py36h5ca1d4c_2
pyparsing=2.4.6=py_0
python=3.6.10=h359304d_0
python-dateutil=2.8.1=py_0
pyyaml=5.3=py36h1de35cc_0
readline=7.0=h1de35cc_5
scipy=1.4.1=py36hba666df_0
setuptools=46.0.0=py36_0
six=1.14.0=py36_0
sqlite=3.31.1=ha441bb4_0
tabulate=0.8.3=py36_0
tensorboard=1.13.1=py36haf313ee_0
tensorflow=1.13.1=py36_1
tensorflow-base=1.12.0=mkl_py36h70e0e9a_0
tensorflow-estimator=1.13.0=py_0
termcolor=1.1.0=py36_1
tk=8.6.8=ha441bb4_0
tornado=6.0.4=py36h1de35cc_1
werkzeug=1.0.0=py_0
wheel=0.34.2=py36_0
x264=1!152.20180806=h1de35cc_0
xz=5.2.4=h1de35cc_4
yaml=0.1.7=hc338f04_2
zlib=1.2.11=h1de35cc_3
zstd=1.3.7=h5bba6e5_0
